kinematics:
  shoulder:
    x: 0
    y: 0
    z: 0.089201138580847966
    roll: -0
    pitch: 0
    yaw: 1.5413963267648517e-05
  upper_arm:
    x: 8.28481932000539e-05
    y: 0
    z: 0
    roll: 1.5702793305568989
    pitch: 0
    yaw: 9.4248239648454113e-05
  forearm:
    x: -0.42514603197027351
    y: 0
    z: 0
    roll: 0.00027727163297603633
    pitch: 0.00074181659174685764
    yaw: 8.2061777589927939e-05
  wrist_1:
    x: -0.39231335412023205
    y: 0.00070367842866065884
    z: 0.11004902881674888
    roll: 3.1351985141209435
    pitch: -3.1400954402443415
    yaw: 3.1415185610293745
  wrist_2:
    x: 3.6501405590628345e-05
    y: -0.094721186124807052
    z: 0.0001791428279527357
    roll: 1.5689050644312028
    pitch: 0
    yaw: -1.320607040336194e-05
  wrist_3:
    x: 0.00015399008043081661
    y: 0.082421327089370319
    z: 0.00012632686207930083
    roll: 1.5723290218826846
    pitch: 3.1415926535897931
    yaw: -3.14158677108863
  hash: calib_15200003067234149431